datetime,outdoor_temperature,outdoor_feels_like,outdoor_app_temp,outdoor_dew_point,outdoor_humidity,indoor_temperature,indoor_humidity,solar_and_uvi_solar,solar_and_uvi_uvi,rainfall_piezo_rain_rate,rainfall_piezo_daily,rainfall_piezo_event,rainfall_piezo_hourly,rainfall_piezo_weekly,rainfall_piezo_monthly,rainfall_piezo_yearly,wind_wind_speed,wind_wind_gust,wind_wind_direction,pressure_relative,pressure_absolute,battery_haptic_array_battery,battery_haptic_array_capacitor
2024-08-17 00:00:00+02:00,21.0,21.0,23.7,17.9,82.0,27.5,81.0,0.0,0.0,0.0,0.0,0.0,0.0,4.8,23.4,343.7,0.4,3.2,14.0,1001.7,1001.7,2.46,5.0
2024-08-17 00:05:00+02:00,21.0,21.0,23.5,17.8,82.0,27.5,81.0,0.0,0.0,0.0,0.0,0.0,0.0,4.8,23.4,343.7,1.4,3.6,43.0,1001.6,1001.6,2.46,5.0
2024-08-17 00:10:00+02:00,20.9,20.9,23.4,17.8,82.0,27.4,81.0,0.0,0.0,0.0,0.0,0.0,0.0,4.8,23.4,343.7,0.9,3.2,35.0,1001.7,1001.7,2.46,5.0
2024-08-17 00:15:00+02:00,20.9,20.9,23.4,17.9,83.0,27.4,81.0,0.0,0.0,0.0,0.0,0.0,0.0,4.8,23.4,343.7,1.4,4.0,4.0,1001.7,1001.7,2.46,5.0
2024-08-17 00:20:00+02:00,20.8,20.8,23.4,17.8,83.0,27.3,81.0,0.0,0.0,0.0,0.0,0.0,0.0,4.8,23.4,343.7,0.6,4.7,21.0,1001.6,1001.6,2.46,5.0
2024-08-17 00:25:00+02:00,20.8,20.8,23.4,17.8,83.0,27.3,81.0,0.0,0.0,0.0,0.0,0.0,0.0,4.8,23.4,343.7,0.4,4.0,57.0,1001.5,1001.5,2.46,5.0
2024-08-17 00:30:00+02:00,20.8,20.8,23.3,17.9,84.0,27.2,82.0,0.0,0.0,0.0,0.0,0.0,0.0,4.8,23.4,343.7,1.4,4.3,53.0,1001.6,1001.6,2.46,5.0
2024-08-17 00:35:00+02:00,20.7,20.7,23.2,18.0,84.0,27.2,81.0,0.0,0.0,0.0,0.0,0.0,0.0,4.8,23.4,343.7,1.5,4.0,35.0,1001.7,1001.7,2.46,5.0
2024-08-17 00:40:00+02:00,20.8,20.8,23.4,18.0,84.0,27.2,81.0,0.0,0.0,0.0,0.0,0.0,0.0,4.8,23.4,343.7,0.7,3.2,21.0,1001.8,1001.8,2.46,5.0
2024-08-17 00:45:00+02:00,20.7,20.7,23.4,18.0,84.0,27.1,81.0,0.0,0.0,0.0,0.0,0.0,0.0,4.8,23.4,343.7,0.4,3.2,149.0,1001.7,1001.7,2.46,5.0
2024-08-17 00:50:00+02:00,20.7,20.7,23.4,18.0,84.0,27.1,81.0,0.0,0.0,0.0,0.0,0.0,0.0,4.8,23.4,343.7,0.5,3.2,49.0,1001.7,1001.7,2.46,5.0
2024-08-17 00:55:00+02:00,20.6,20.6,23.3,18.0,85.0,27.0,81.0,0.0,0.0,0.0,0.0,0.0,0.0,4.8,23.4,343.7,0.5,4.0,42.0,1001.7,1001.7,2.46,5.0
2024-08-17 01:00:00+02:00,20.7,20.7,23.5,18.1,85.0,27.0,81.0,0.0,0.0,0.0,0.0,0.0,0.0,4.8,23.4,343.7,0.0,1.8,183.0,1001.8,1001.8,2.46,5.0
2024-08-17 01:05:00+02:00,20.6,20.6,23.4,18.1,86.0,27.0,81.0,0.0,0.0,0.0,0.0,0.0,0.0,4.8,23.4,343.7,0.0,2.5,111.0,1001.6,1001.6,2.46,5.0
2024-08-17 01:10:00+02:00,20.6,20.6,23.3,18.0,85.0,26.9,81.0,0.0,0.0,0.0,0.0,0.0,0.0,4.8,23.4,343.7,0.7,3.6,354.0,1001.5,1001.5,2.46,5.0
2024-08-17 01:15:00+02:00,20.6,20.6,23.4,18.4,87.0,26.9,81.0,0.0,0.0,0.0,0.0,0.0,0.0,4.8,23.4,343.7,0.8,3.6,27.0,1001.5,1001.5,2.46,5.0
2024-08-17 01:20:00+02:00,20.5,20.5,23.5,18.5,88.0,26.8,81.0,0.0,0.0,0.0,0.0,0.0,0.0,4.8,23.4,343.7,0.0,3.2,61.0,1001.6,1001.6,2.46,5.0
2024-08-17 01:25:00+02:00,20.3,20.3,23.1,18.5,90.0,26.8,81.0,0.0,0.0,0.0,0.0,0.0,0.0,4.8,23.4,343.7,1.2,4.0,30.0,1001.5,1001.5,2.46,4.9
2024-08-17 01:30:00+02:00,20.2,20.2,22.9,18.5,90.0,26.7,81.0,0.0,0.0,0.0,0.0,0.0,0.0,4.8,23.4,343.7,1.3,4.7,62.0,1001.4,1001.4,2.46,4.9
2024-08-17 01:35:00+02:00,20.1,20.1,23.0,18.4,90.0,26.7,81.0,0.0,0.0,0.0,0.0,0.0,0.0,4.8,23.4,343.7,0.4,4.0,36.0,1001.5,1001.5,2.46,4.9
2024-08-17 01:40:00+02:00,20.1,20.1,22.9,18.5,91.0,26.7,81.0,0.0,0.0,0.0,0.0,0.0,0.0,4.8,23.4,343.7,1.2,3.6,41.0,1001.4,1001.4,2.46,4.9
2024-08-17 01:45:00+02:00,20.1,20.1,23.0,18.6,91.0,26.6,81.0,0.0,0.0,0.0,0.0,0.0,0.0,4.8,23.4,343.7,0.8,2.9,14.0,1001.2,1001.2,2.46,4.9
2024-08-17 01:50:00+02:00,20.1,20.1,22.9,18.6,91.0,26.6,81.0,0.0,0.0,0.0,0.0,0.0,0.0,4.8,23.4,343.7,1.1,2.9,19.0,1001.1,1001.1,2.46,4.9
2024-08-17 01:55:00+02:00,20.0,20.0,22.7,18.5,91.0,26.6,81.0,0.0,0.0,0.0,0.0,0.0,0.0,4.8,23.4,343.7,1.5,4.0,338.0,1001.2,1001.2,2.46,4.9
2024-08-17 02:00:00+02:00,20.0,20.0,22.7,18.5,91.0,26.5,82.0,0.0,0.0,0.0,0.0,0.0,0.0,4.8,23.4,343.7,1.4,4.0,28.0,1001.1,1001.1,2.46,4.9
2024-08-17 02:05:00+02:00,20.0,20.0,22.9,18.5,91.0,26.5,82.0,0.0,0.0,0.0,0.0,0.0,0.0,4.8,23.4,343.7,0.4,3.2,337.0,1001.1,1001.1,2.46,4.9
2024-08-17 02:10:00+02:00,20.0,20.0,22.9,18.5,91.0,26.4,81.0,0.0,0.0,0.0,0.0,0.0,0.0,4.8,23.4,343.7,0.8,2.9,65.0,1001.1,1001.1,2.46,4.9
2024-08-17 02:15:00+02:00,20.0,20.0,22.8,18.5,91.0,26.4,81.0,0.0,0.0,0.0,0.0,0.0,0.0,4.8,23.4,343.7,0.9,3.6,15.0,1001.0,1001.0,2.46,4.9
2024-08-17 02:20:00+02:00,20.0,20.0,23.0,18.5,91.0,26.4,81.0,0.0,0.0,0.0,0.0,0.0,0.0,4.8,23.4,343.7,0.0,1.8,48.0,1001.0,1001.0,2.46,4.9
2024-08-17 02:25:00+02:00,19.9,19.9,22.8,18.4,91.0,26.3,81.0,0.0,0.0,0.0,0.0,0.0,0.0,4.8,23.4,343.7,0.5,3.2,37.0,1001.0,1001.0,2.46,4.9
2024-08-17 02:30:00+02:00,20.0,20.0,22.7,18.5,91.0,26.3,81.0,0.0,0.0,0.0,0.0,0.0,0.0,4.8,23.4,343.7,1.4,4.0,22.0,1001.1,1001.1,2.46,4.9
2024-08-17 02:35:00+02:00,20.0,20.0,22.7,18.5,91.0,26.3,81.0,0.0,0.0,0.0,0.0,0.0,0.0,4.8,23.4,343.7,1.4,3.6,48.0,1001.1,1001.1,2.46,4.9
2024-08-17 02:40:00+02:00,20.0,20.0,22.9,18.5,91.0,26.2,81.0,0.0,0.0,0.0,0.0,0.0,0.0,4.8,23.4,343.7,0.4,2.9,43.0,1001.0,1001.0,2.46,4.9
2024-08-17 02:45:00+02:00,20.0,20.0,23.0,18.5,91.0,26.2,81.0,0.0,0.0,0.0,0.0,0.0,0.0,4.8,23.4,343.7,0.0,2.5,11.0,1000.8,1000.8,2.46,4.9
2024-08-17 02:50:00+02:00,20.0,20.0,22.7,18.5,91.0,26.2,81.0,0.0,0.0,0.0,0.0,0.0,0.0,4.8,23.4,343.7,1.8,3.6,48.0,1000.7,1000.7,2.46,4.9
2024-08-17 02:55:00+02:00,20.0,20.0,22.7,18.4,90.0,26.1,81.0,0.0,0.0,0.0,0.0,0.0,0.0,4.8,23.4,343.7,1.2,5.8,61.0,1000.7,1000.7,2.46,4.8
2024-08-17 03:00:00+02:00,20.0,20.0,22.9,18.5,91.0,26.1,81.0,0.0,0.0,0.0,0.0,0.0,0.0,4.8,23.4,343.7,0.4,2.2,50.0,1000.6,1000.6,2.46,4.8
2024-08-17 03:05:00+02:00,20.0,20.0,22.7,18.4,90.0,26.0,81.0,0.0,0.0,0.0,0.0,0.0,0.0,4.8,23.4,343.7,1.3,4.0,352.0,1000.6,1000.6,2.46,4.8
2024-08-17 03:10:00+02:00,20.0,20.0,22.7,18.4,90.0,26.0,81.0,0.0,0.0,0.0,0.0,0.0,0.0,4.8,23.4,343.7,1.4,4.3,1.0,1000.5,1000.5,2.46,4.8
2024-08-17 03:15:00+02:00,20.0,20.0,22.7,18.4,90.0,26.0,81.0,0.0,0.0,0.0,0.0,0.0,0.0,4.8,23.4,343.7,1.4,4.3,53.0,1000.6,1000.6,2.46,4.8
2024-08-17 03:20:00+02:00,20.0,20.0,22.8,18.3,90.0,26.0,81.0,0.0,0.0,0.0,0.0,0.0,0.0,4.8,23.4,343.7,0.7,3.2,28.0,1000.3,1000.3,2.46,4.8
2024-08-17 03:25:00+02:00,20.0,20.0,22.5,18.3,90.0,25.9,81.0,0.0,0.0,0.6,0.1,0.1,0.1,4.9,23.5,343.8,2.2,5.0,58.0,1000.4,1000.4,2.46,4.8
2024-08-17 03:30:00+02:00,20.0,20.0,22.8,18.5,91.0,25.9,81.0,0.0,0.0,0.6,0.1,0.1,0.1,4.9,23.5,343.8,0.8,4.0,88.0,1000.5,1000.5,2.46,4.8
2024-08-17 03:35:00+02:00,19.9,19.9,22.4,18.5,92.0,25.9,81.0,0.0,0.0,0.6,0.1,0.1,0.1,4.9,23.5,343.8,2.4,4.3,53.0,1000.5,1000.5,2.46,4.8
2024-08-17 03:40:00+02:00,19.8,19.8,22.6,18.5,92.0,25.8,81.0,0.0,0.0,0.0,0.1,0.1,0.1,4.9,23.5,343.8,0.9,4.3,47.0,1000.4,1000.4,2.46,4.8
2024-08-17 03:45:00+02:00,19.8,19.8,22.4,18.4,92.0,25.8,82.0,0.0,0.0,0.0,0.1,0.1,0.1,4.9,23.5,343.8,2.1,3.6,137.0,1000.5,1000.5,2.46,4.8
2024-08-17 03:50:00+02:00,19.7,19.7,22.3,18.4,92.0,25.8,82.0,0.0,0.0,0.0,0.1,0.1,0.1,4.9,23.5,343.8,1.7,6.5,41.0,1000.4,1000.4,2.46,4.8
2024-08-17 03:55:00+02:00,19.7,19.7,22.5,18.5,92.0,25.7,81.0,0.0,0.0,0.0,0.1,0.1,0.1,4.9,23.5,343.8,1.0,6.5,31.0,1000.3,1000.3,2.46,4.7
2024-08-17 04:00:00+02:00,19.7,19.7,22.5,18.5,93.0,25.7,81.0,0.0,0.0,0.0,0.1,0.1,0.1,4.9,23.5,343.8,0.9,3.6,45.0,1000.3,1000.3,2.46,4.7
2024-08-17 04:05:00+02:00,19.6,19.6,22.3,18.4,93.0,25.7,81.0,0.0,0.0,0.0,0.1,0.1,0.1,4.9,23.5,343.8,1.2,3.2,54.0,1000.3,1000.3,2.46,4.7
2024-08-17 04:10:00+02:00,19.6,19.6,22.5,18.6,94.0,25.6,81.0,0.0,0.0,0.0,0.1,0.1,0.1,4.9,23.5,343.8,0.7,3.2,59.0,1000.2,1000.2,2.46,4.7
2024-08-17 04:15:00+02:00,19.5,19.5,22.5,18.5,94.0,25.6,81.0,0.0,0.0,0.0,0.1,0.1,0.1,4.9,23.5,343.8,0.0,2.2,37.0,1000.3,1000.3,2.46,4.7
2024-08-17 04:20:00+02:00,19.5,19.5,22.4,18.5,94.0,25.6,81.0,0.0,0.0,0.0,0.1,0.1,0.1,4.9,23.5,343.8,0.7,2.9,334.0,1000.2,1000.2,2.46,4.7
2024-08-17 04:25:00+02:00,19.5,19.5,22.4,18.5,94.0,25.5,81.0,0.0,0.0,0.0,0.1,0.1,0.0,4.9,23.5,343.8,0.4,2.5,75.0,1000.3,1000.3,2.46,4.7
2024-08-17 04:30:00+02:00,19.4,19.4,22.4,18.4,94.0,25.5,81.0,0.0,0.0,0.0,0.1,0.1,0.0,4.9,23.5,343.8,0.0,2.9,132.0,1000.1,1000.1,2.46,4.7
2024-08-17 04:35:00+02:00,19.4,19.4,22.2,18.5,94.0,25.5,82.0,0.0,0.0,0.0,0.1,0.1,0.0,4.9,23.5,343.8,1.3,4.7,58.0,1000.2,1000.2,2.46,4.7
2024-08-17 04:40:00+02:00,19.5,19.5,22.2,18.5,94.0,25.4,81.0,0.0,0.0,0.0,0.1,0.1,0.0,4.9,23.5,343.8,1.2,5.0,69.0,1000.2,1000.2,2.46,4.7
2024-08-17 04:45:00+02:00,19.5,19.5,22.4,18.5,94.0,25.4,81.0,0.0,0.0,0.0,0.1,0.1,0.0,4.9,23.5,343.8,0.4,2.5,132.0,1000.3,1000.3,2.46,4.7
2024-08-17 04:50:00+02:00,19.5,19.5,22.4,18.5,94.0,25.4,82.0,0.0,0.0,0.0,0.1,0.1,0.0,4.9,23.5,343.8,0.5,2.2,286.0,1000.1,1000.1,2.46,4.7
2024-08-17 04:55:00+02:00,19.5,19.5,22.5,18.6,95.0,25.3,82.0,0.0,0.0,0.0,0.1,0.1,0.0,4.9,23.5,343.8,0.4,2.5,57.0,1000.1,1000.1,2.46,4.7
2024-08-17 05:00:00+02:00,19.5,19.5,22.4,18.6,95.0,25.3,81.0,0.0,0.0,0.0,0.1,0.0,0.0,4.9,23.5,343.8,0.4,3.2,74.0,1000.1,1000.1,2.46,4.7
2024-08-17 05:05:00+02:00,19.5,19.5,22.6,18.6,95.0,25.3,82.0,0.0,0.0,0.0,0.1,0.0,0.0,4.9,23.5,343.8,0.0,2.2,21.0,1000.0,1000.0,2.46,4.6
2024-08-17 05:10:00+02:00,19.5,19.5,22.4,18.6,95.0,25.3,82.0,0.0,0.0,0.0,0.1,0.0,0.0,4.9,23.5,343.8,0.9,2.9,51.0,1000.0,1000.0,2.46,4.6
2024-08-17 05:15:00+02:00,19.4,19.4,22.4,18.6,95.0,25.3,82.0,0.0,0.0,0.0,0.1,0.0,0.0,4.9,23.5,343.8,0.7,3.6,42.0,1000.0,1000.0,2.46,4.6
2024-08-17 05:20:00+02:00,19.4,19.4,22.1,18.6,95.0,25.2,82.0,0.0,0.0,0.0,0.1,0.0,0.0,4.9,23.5,343.8,1.7,5.8,69.0,999.9,999.9,2.46,4.6
2024-08-17 05:25:00+02:00,19.4,19.4,22.4,18.6,95.0,25.2,82.0,0.0,0.0,0.0,0.1,0.0,0.0,4.9,23.5,343.8,0.4,2.5,207.0,1000.0,1000.0,2.46,4.6
2024-08-17 05:30:00+02:00,19.4,19.4,22.3,18.6,95.0,25.2,82.0,0.0,0.0,0.0,0.1,0.0,0.0,4.9,23.5,343.8,0.8,4.0,51.0,1000.0,1000.0,2.46,4.6
2024-08-17 05:35:00+02:00,19.4,19.4,22.4,18.6,95.0,25.2,82.0,0.0,0.0,0.0,0.1,0.0,0.0,4.9,23.5,343.8,0.4,3.2,24.0,999.9,999.9,2.46,4.6
2024-08-17 05:40:00+02:00,19.4,19.4,22.4,18.6,95.0,25.1,82.0,0.0,0.0,0.0,0.1,0.0,0.0,4.9,23.5,343.8,0.4,2.5,32.0,999.9,999.9,2.46,4.6
2024-08-17 05:45:00+02:00,19.4,19.4,22.4,18.6,95.0,25.1,82.0,0.0,0.0,0.6,0.2,0.1,0.1,5.0,23.6,343.9,0.4,2.5,349.0,999.8,999.8,2.46,4.6
2024-08-17 05:50:00+02:00,19.3,19.3,22.4,18.7,96.0,25.1,82.0,0.0,0.0,1.2,0.3,0.2,0.2,5.1,23.7,344.0,0.5,3.2,258.0,999.8,999.8,2.46,4.6
2024-08-17 05:55:00+02:00,19.3,19.3,22.4,18.6,96.0,25.1,82.0,0.0,0.0,1.2,0.3,0.2,0.2,5.1,23.7,344.0,0.0,3.2,69.0,999.7,999.7,2.46,4.6
2024-08-17 06:00:00+02:00,19.3,19.3,22.3,18.6,96.0,25.0,82.0,0.1,0.0,0.6,0.3,0.2,0.2,5.1,23.7,344.0,0.4,2.2,309.0,999.7,999.7,2.46,4.6
2024-08-17 06:05:00+02:00,19.3,19.3,22.3,18.6,96.0,25.0,82.0,0.2,0.0,0.0,0.3,0.2,0.2,5.1,23.7,344.0,0.4,2.9,12.0,999.6,999.6,2.46,4.5
2024-08-17 06:10:00+02:00,19.2,19.2,22.3,18.6,96.0,25.0,82.0,0.3,0.0,0.0,0.3,0.2,0.2,5.1,23.7,344.0,0.0,3.2,27.0,999.6,999.6,2.46,4.5
2024-08-17 06:15:00+02:00,19.2,19.2,22.1,18.7,97.0,24.9,82.0,0.6,0.0,0.0,0.3,0.2,0.2,5.1,23.7,344.0,0.6,3.6,55.0,999.7,999.7,2.46,4.5
2024-08-17 06:20:00+02:00,19.2,19.2,22.3,18.7,97.0,24.9,82.0,1.3,0.0,0.0,0.3,0.2,0.2,5.1,23.7,344.0,0.0,3.6,87.0,999.6,999.6,2.46,4.5
2024-08-17 06:25:00+02:00,19.2,19.2,22.0,18.7,97.0,24.9,82.0,1.4,0.0,0.0,0.3,0.2,0.2,5.1,23.7,344.0,1.4,3.2,55.0,999.7,999.7,2.46,4.5
2024-08-17 06:30:00+02:00,19.1,19.1,22.1,18.6,97.0,24.9,82.0,1.3,0.0,0.0,0.3,0.2,0.2,5.1,23.7,344.0,0.6,4.0,318.0,999.7,999.7,2.46,4.5
2024-08-17 06:35:00+02:00,19.2,19.2,22.1,18.7,97.0,24.8,82.0,1.8,0.0,0.0,0.3,0.2,0.2,5.1,23.7,344.0,1.1,3.2,42.0,999.7,999.7,2.46,4.5
2024-08-17 06:40:00+02:00,19.1,19.1,22.0,18.6,97.0,24.8,82.0,3.8,0.0,0.0,0.3,0.2,0.2,5.1,23.7,344.0,0.8,3.2,350.0,999.6,999.6,2.46,4.5
2024-08-17 06:45:00+02:00,19.1,19.1,21.9,18.6,97.0,24.8,82.0,5.5,0.0,0.0,0.3,0.2,0.1,5.1,23.7,344.0,1.6,4.0,9.0,999.5,999.5,2.46,4.5
2024-08-17 06:50:00+02:00,19.1,19.1,22.1,18.6,97.0,24.8,82.0,7.7,0.0,0.0,0.3,0.2,0.0,5.1,23.7,344.0,0.4,4.0,302.0,999.6,999.6,2.46,4.5
2024-08-17 06:55:00+02:00,19.2,19.2,22.1,18.7,97.0,24.8,82.0,7.3,0.0,0.0,0.3,0.2,0.0,5.1,23.7,344.0,1.1,2.9,10.0,999.5,999.5,2.46,4.5
2024-08-17 07:00:00+02:00,19.1,19.1,22.0,18.6,97.0,24.7,82.0,5.5,0.0,0.0,0.3,0.0,0.0,5.1,23.7,344.0,0.7,3.6,3.0,999.6,999.6,2.46,4.5
2024-08-17 07:05:00+02:00,19.1,19.1,22.1,18.6,97.0,24.7,82.0,7.5,0.0,0.0,0.3,0.0,0.0,5.1,23.7,344.0,0.5,3.6,342.0,999.6,999.6,2.46,4.5
2024-08-17 07:10:00+02:00,19.1,19.1,22.0,18.7,98.0,24.7,82.0,12.2,0.0,0.0,0.3,0.0,0.0,5.1,23.7,344.0,1.2,4.0,28.0,999.6,999.6,2.46,4.5
2024-08-17 07:15:00+02:00,19.3,19.3,22.4,18.9,98.0,24.7,82.0,14.1,0.0,0.0,0.3,0.0,0.0,5.1,23.7,344.0,0.4,3.2,75.0,999.6,999.6,2.46,4.5
2024-08-17 07:20:00+02:00,19.1,19.1,22.1,18.8,98.0,24.6,82.0,13.2,0.0,0.0,0.3,0.0,0.0,5.1,23.7,344.0,0.9,2.9,73.0,999.5,999.5,2.46,4.5
2024-08-17 07:25:00+02:00,19.2,19.2,22.1,18.9,98.0,24.6,82.0,9.0,0.0,0.0,0.3,0.0,0.0,5.1,23.7,344.0,1.2,3.6,1.0,999.5,999.5,2.46,4.5
2024-08-17 07:30:00+02:00,19.1,19.1,22.0,18.8,98.0,24.6,82.0,13.9,0.0,0.0,0.3,0.0,0.0,5.1,23.7,344.0,1.2,4.7,62.0,999.5,999.5,2.46,4.5
2024-08-17 07:35:00+02:00,19.2,19.2,22.1,18.8,98.0,24.6,82.0,21.6,0.0,0.6,0.4,0.1,0.1,5.2,23.8,344.1,1.3,3.6,74.0,999.4,999.4,2.44,4.5
2024-08-17 07:40:00+02:00,19.1,19.1,22.0,18.8,98.0,24.6,82.0,31.5,0.0,1.2,0.5,0.2,0.2,5.3,23.9,344.2,1.2,4.7,19.0,999.4,999.4,2.44,4.5
2024-08-17 07:45:00+02:00,19.2,19.2,22.2,18.9,98.0,24.5,82.0,34.0,0.0,1.2,0.5,0.2,0.2,5.3,23.9,344.2,0.9,3.2,72.0,999.5,999.5,2.44,4.5
2024-08-17 07:50:00+02:00,19.2,19.2,22.1,18.9,98.0,24.5,82.0,23.8,0.0,0.0,0.5,0.2,0.2,5.3,23.9,344.2,1.1,4.7,36.0,999.6,999.6,2.44,4.5
2024-08-17 07:55:00+02:00,19.2,19.2,22.4,18.9,98.0,24.5,82.0,20.5,0.0,0.0,0.5,0.2,0.2,5.3,23.9,344.2,0.0,2.9,223.0,999.6,999.6,2.46,4.4
2024-08-17 08:00:00+02:00,19.2,19.2,22.0,18.8,98.0,24.5,82.0,22.8,0.0,0.6,0.6,0.3,0.3,5.4,24.0,344.3,1.5,5.0,37.0,999.5,999.5,2.46,4.4
2024-08-17 08:05:00+02:00,19.1,19.1,21.7,18.8,98.0,24.5,82.0,20.2,0.0,0.6,0.6,0.3,0.3,5.4,24.0,344.3,3.0,6.1,284.0,999.6,999.6,2.44,4.4
2024-08-17 08:10:00+02:00,19.1,19.1,22.0,18.8,98.0,24.4,82.0,17.2,0.0,0.6,0.6,0.3,0.3,5.4,24.0,344.3,1.2,4.7,150.0,999.6,999.6,2.44,4.4
2024-08-17 08:15:00+02:00,19.1,19.1,22.0,18.8,98.0,24.4,82.0,20.1,0.0,0.0,0.6,0.3,0.3,5.4,24.0,344.3,1.1,7.6,215.0,999.6,999.6,2.44,4.4
2024-08-17 08:20:00+02:00,19.2,19.2,21.9,18.9,98.0,24.4,82.0,22.5,0.0,0.0,0.6,0.3,0.3,5.4,24.0,344.3,2.5,6.5,286.0,999.5,999.5,2.44,4.4
2024-08-17 08:25:00+02:00,19.2,19.2,21.9,18.9,98.0,24.4,82.0,28.6,0.0,0.0,0.6,0.3,0.3,5.4,24.0,344.3,2.6,6.5,86.0,999.6,999.6,2.46,4.4
2024-08-17 08:30:00+02:00,19.3,19.3,22.0,18.9,98.0,24.4,82.0,32.2,0.0,0.0,0.6,0.3,0.3,5.4,24.0,344.3,2.4,4.7,99.0,999.7,999.7,2.46,4.4
2024-08-17 08:35:00+02:00,19.3,19.3,22.4,19.0,98.0,24.4,82.0,25.6,0.0,0.0,0.6,0.3,0.2,5.4,24.0,344.3,0.8,5.0,261.0,999.7,999.7,2.44,4.4
2024-08-17 08:40:00+02:00,19.3,19.3,22.3,19.0,98.0,24.3,82.0,16.6,0.0,0.0,0.6,0.3,0.1,5.4,24.0,344.3,1.4,5.0,36.0,999.6,999.6,2.44,4.4
2024-08-17 08:45:00+02:00,19.4,19.4,22.3,19.1,98.0,24.3,82.0,31.2,0.0,0.0,0.6,0.3,0.1,5.4,24.0,344.3,2.0,5.4,25.0,999.7,999.7,2.44,4.4
2024-08-17 08:50:00+02:00,19.4,19.4,22.2,19.1,98.0,24.3,82.0,23.4,0.0,0.0,0.6,0.3,0.1,5.4,24.0,344.3,2.6,9.0,74.0,999.9,999.9,2.44,4.4
2024-08-17 08:55:00+02:00,19.2,19.2,21.1,18.7,97.0,24.3,82.0,14.3,0.0,0.0,0.6,0.3,0.1,5.4,24.0,344.3,6.0,11.5,192.0,999.9,999.9,2.44,4.4
2024-08-17 09:00:00+02:00,18.7,18.7,20.2,18.2,97.0,24.3,82.0,30.6,0.0,0.0,0.6,0.3,0.0,5.4,24.0,344.3,7.1,19.4,206.0,1000.0,1000.0,2.44,4.4
2024-08-17 09:05:00+02:00,18.4,18.4,19.8,17.9,97.0,24.3,82.0,79.2,0.0,0.0,0.6,0.3,0.0,5.4,24.0,344.3,7.0,15.8,180.0,1000.0,1000.0,2.46,4.4
2024-08-17 09:10:00+02:00,18.4,18.4,20.0,17.9,97.0,24.3,82.0,84.5,0.0,0.0,0.6,0.3,0.0,5.4,24.0,344.3,6.1,14.4,175.0,1000.1,1000.1,2.46,4.4
2024-08-17 09:15:00+02:00,18.3,18.3,19.8,17.8,97.0,24.2,82.0,79.4,0.0,0.6,0.7,0.4,0.1,5.5,24.1,344.4,6.9,14.4,191.0,1000.2,1000.2,2.46,4.4
2024-08-17 09:20:00+02:00,18.4,18.4,19.7,17.9,97.0,24.2,82.0,77.0,0.0,0.6,0.7,0.4,0.1,5.5,24.1,344.4,7.3,14.4,189.0,1000.2,1000.2,2.46,4.4
2024-08-17 09:25:00+02:00,18.4,18.4,19.8,17.9,97.0,24.2,82.0,86.9,0.0,0.0,0.7,0.4,0.1,5.5,24.1,344.4,7.3,14.0,202.0,1000.3,1000.3,2.44,4.4
2024-08-17 09:30:00+02:00,18.4,18.4,19.6,17.9,97.0,24.2,82.0,94.9,0.0,0.0,0.7,0.4,0.1,5.5,24.1,344.4,7.8,15.5,188.0,1000.3,1000.3,2.44,4.4
2024-08-17 09:35:00+02:00,18.5,18.5,20.1,18.0,97.0,24.1,82.0,96.3,0.0,0.0,0.7,0.4,0.1,5.5,24.1,344.4,5.9,15.5,206.0,1000.3,1000.3,2.46,4.5
2024-08-17 09:40:00+02:00,18.5,18.5,19.7,17.8,96.0,24.1,82.0,94.9,0.0,0.0,0.7,0.4,0.1,5.5,24.1,344.4,7.6,10.4,197.0,1000.3,1000.3,2.46,4.5
2024-08-17 09:45:00+02:00,18.6,18.6,20.4,17.9,96.0,24.1,82.0,104.5,0.0,0.0,0.7,0.4,0.1,5.5,24.1,344.4,4.6,10.1,186.0,1000.4,1000.4,2.46,4.5
2024-08-17 09:50:00+02:00,18.6,18.6,21.1,18.0,96.0,24.1,82.0,107.2,0.0,0.0,0.7,0.4,0.1,5.5,24.1,344.4,2.0,11.5,173.0,1000.4,1000.4,2.46,4.5
2024-08-17 09:55:00+02:00,18.6,18.6,20.4,17.9,96.0,24.1,83.0,105.0,0.0,0.0,0.7,0.4,0.1,5.5,24.1,344.4,4.9,9.7,197.0,1000.3,1000.3,2.46,4.6
2024-08-17 10:00:00+02:00,18.6,18.6,20.8,17.9,96.0,24.0,83.0,83.3,0.0,0.0,0.7,0.4,0.1,5.5,24.1,344.4,2.9,7.9,196.0,1000.4,1000.4,2.46,4.6
2024-08-17 10:05:00+02:00,18.6,18.6,20.9,17.9,96.0,24.0,83.0,113.7,1.0,0.0,0.7,0.4,0.1,5.5,24.1,344.4,2.2,6.1,207.0,1000.5,1000.5,2.46,4.6
2024-08-17 10:10:00+02:00,18.4,18.4,20.3,17.6,95.0,24.0,83.0,142.0,1.0,0.0,0.7,0.4,0.0,5.5,24.1,344.4,3.6,10.8,192.0,1000.5,1000.5,2.46,4.6
2024-08-17 10:15:00+02:00,18.7,18.7,21.1,17.8,95.0,24.0,83.0,163.1,1.0,0.0,0.7,0.4,0.0,5.5,24.1,344.4,1.7,6.1,213.0,1000.6,1000.6,2.46,4.6
2024-08-17 10:20:00+02:00,18.9,18.9,21.5,17.9,94.0,24.0,83.0,204.2,1.0,0.0,0.7,0.4,0.0,5.5,24.1,344.4,0.6,4.3,81.0,1000.7,1000.7,2.46,4.6
2024-08-17 10:25:00+02:00,19.2,19.2,21.9,18.2,94.0,24.0,83.0,209.4,1.0,0.0,0.7,0.4,0.0,5.5,24.1,344.4,0.7,5.0,177.0,1000.8,1000.8,2.46,4.7
2024-08-17 10:30:00+02:00,19.5,19.5,21.8,18.1,92.0,24.0,83.0,203.6,1.0,0.0,0.7,0.4,0.0,5.5,24.1,344.4,2.3,7.6,41.0,1000.9,1000.9,2.46,4.7
2024-08-17 10:35:00+02:00,19.8,19.8,22.2,18.2,90.0,24.1,83.0,235.6,2.0,0.0,0.7,0.4,0.0,5.5,24.1,344.4,2.5,5.8,67.0,1000.9,1000.9,2.46,4.8
2024-08-17 10:40:00+02:00,20.0,20.0,22.7,18.2,89.0,24.1,84.0,274.4,2.0,0.0,0.7,0.4,0.0,5.5,24.1,344.4,0.7,4.3,38.0,1000.9,1000.9,2.46,4.8
2024-08-17 10:45:00+02:00,20.3,20.3,23.0,18.1,87.0,24.1,84.0,269.1,2.0,0.0,0.7,0.4,0.0,5.5,24.1,344.4,0.9,6.8,174.0,1000.9,1000.9,2.46,4.9
2024-08-17 10:50:00+02:00,20.7,20.7,23.2,18.3,86.0,24.2,84.0,437.0,4.0,0.0,0.7,0.4,0.0,5.5,24.1,344.4,2.0,5.4,105.0,1001.0,1001.0,2.46,4.9
2024-08-17 10:55:00+02:00,20.9,20.9,23.6,18.5,86.0,24.2,84.0,237.6,2.0,0.0,0.7,0.4,0.0,5.5,24.1,344.4,1.7,7.6,50.0,1000.9,1000.9,2.46,5.0
2024-08-17 11:00:00+02:00,21.1,21.1,23.8,18.6,85.0,24.3,85.0,209.1,1.0,0.0,0.7,0.0,0.0,5.5,24.1,344.4,2.0,4.7,212.0,1001.0,1001.0,2.46,5.0
2024-08-17 11:05:00+02:00,21.1,21.1,23.5,18.5,85.0,24.3,85.0,353.6,3.0,0.0,0.7,0.0,0.0,5.5,24.1,344.4,2.8,7.2,129.0,1000.9,1000.9,2.46,5.1
2024-08-17 11:10:00+02:00,21.3,21.3,23.9,18.4,84.0,24.4,85.0,480.0,4.0,0.0,0.7,0.0,0.0,5.5,24.1,344.4,2.2,4.7,104.0,1001.0,1001.0,2.46,5.1
2024-08-17 11:15:00+02:00,21.6,21.6,23.8,18.5,83.0,24.5,85.0,476.0,4.0,0.0,0.7,0.0,0.0,5.5,24.1,344.4,4.3,8.6,201.0,1001.1,1001.1,2.44,5.2
2024-08-17 11:20:00+02:00,21.8,21.8,24.1,18.5,81.0,24.6,86.0,415.7,3.0,0.0,0.7,0.0,0.0,5.5,24.1,344.4,3.5,8.3,217.0,1001.0,1001.0,2.44,5.2
2024-08-17 11:25:00+02:00,22.3,22.3,24.7,18.5,79.0,24.7,86.0,509.6,4.0,0.0,0.7,0.0,0.0,5.5,24.1,344.4,3.0,9.0,148.0,1001.0,1001.0,2.44,5.3
2024-08-17 11:30:00+02:00,22.2,22.2,23.8,18.1,78.0,24.8,86.0,500.9,4.0,0.0,0.7,0.0,0.0,5.5,24.1,344.4,6.1,9.7,189.0,1001.0,1001.0,2.44,5.3
2024-08-17 11:35:00+02:00,22.2,22.2,24.6,18.0,77.0,24.9,86.0,500.3,4.0,0.0,0.7,0.0,0.0,5.5,24.1,344.4,2.2,7.9,200.0,1001.0,1001.0,2.44,5.3
2024-08-17 11:40:00+02:00,22.6,22.6,24.0,18.1,76.0,25.0,85.0,510.3,4.0,0.0,0.7,0.0,0.0,5.5,24.1,344.4,7.3,13.7,180.0,1001.0,1001.0,2.44,5.3
2024-08-17 11:45:00+02:00,22.4,22.4,24.8,18.1,77.0,25.2,86.0,518.4,4.0,0.0,0.7,0.0,0.0,5.5,24.1,344.4,2.5,12.6,184.0,1001.0,1001.0,2.44,5.3
2024-08-17 11:50:00+02:00,22.9,22.9,25.1,17.9,74.0,25.3,86.0,506.9,4.0,0.0,0.7,0.0,0.0,5.5,24.1,344.4,2.6,6.5,178.0,1000.9,1000.9,2.44,5.3
2024-08-17 11:55:00+02:00,23.2,23.2,25.2,17.9,72.0,25.5,86.0,530.9,4.0,0.0,0.7,0.0,0.0,5.5,24.1,344.4,4.3,9.7,197.0,1000.9,1000.9,2.44,5.3
2024-08-17 12:00:00+02:00,23.3,23.3,25.4,18.0,72.0,25.7,86.0,519.3,4.0,0.0,0.7,0.0,0.0,5.5,24.1,344.4,3.1,9.7,322.0,1000.9,1000.9,2.44,5.3
2024-08-17 12:05:00+02:00,23.0,23.0,25.1,17.9,73.0,25.8,86.0,552.6,5.0,0.0,0.7,0.0,0.0,5.5,24.1,344.4,3.3,12.6,210.0,1001.0,1001.0,2.44,5.3
2024-08-17 12:10:00+02:00,23.0,23.0,24.9,17.8,72.0,25.9,86.0,546.5,5.0,0.0,0.7,0.0,0.0,5.5,24.1,344.4,4.3,9.4,190.0,1001.0,1001.0,2.44,5.3
2024-08-17 12:15:00+02:00,23.6,23.6,25.6,17.9,71.0,26.1,86.0,549.5,5.0,0.0,0.7,0.0,0.0,5.5,24.1,344.4,3.7,7.6,186.0,1000.8,1000.8,2.44,5.3
2024-08-17 12:20:00+02:00,24.0,24.0,26.0,18.1,70.0,26.3,85.0,573.7,5.0,0.0,0.7,0.0,0.0,5.5,24.1,344.4,4.3,8.3,183.0,1000.8,1000.8,2.44,5.3
2024-08-17 12:25:00+02:00,23.9,23.9,25.9,17.9,69.0,26.5,85.0,555.2,5.0,0.0,0.7,0.0,0.0,5.5,24.1,344.4,3.9,7.6,282.0,1000.9,1000.9,2.44,5.3
2024-08-17 12:30:00+02:00,23.4,23.4,24.7,17.3,68.0,26.6,85.0,523.3,4.0,0.0,0.7,0.0,0.0,5.5,24.1,344.4,5.8,14.0,196.0,1000.8,1000.8,2.44,5.3
2024-08-17 12:35:00+02:00,23.4,23.4,25.2,17.2,68.0,26.7,85.0,567.2,5.0,0.0,0.7,0.0,0.0,5.5,24.1,344.4,3.4,8.6,148.0,1000.8,1000.8,2.44,5.3
2024-08-17 12:40:00+02:00,23.7,23.7,25.4,17.0,66.0,26.9,85.0,576.0,5.0,0.0,0.7,0.0,0.0,5.5,24.1,344.4,3.6,7.2,163.0,1000.6,1000.6,2.44,5.3
2024-08-17 12:45:00+02:00,23.7,23.7,25.3,17.0,66.0,27.0,85.0,617.8,5.0,0.0,0.7,0.0,0.0,5.5,24.1,344.4,4.0,11.2,170.0,1000.7,1000.7,2.44,5.3
2024-08-17 12:50:00+02:00,24.8,24.8,26.6,17.3,63.0,27.3,85.0,635.1,5.0,0.0,0.7,0.0,0.0,5.5,24.1,344.4,3.2,13.7,224.0,1000.7,1000.7,2.44,5.3
2024-08-17 12:55:00+02:00,24.8,24.8,26.4,17.3,63.0,27.4,85.0,681.0,6.0,0.0,0.7,0.0,0.0,5.5,24.1,344.4,4.8,13.7,184.0,1000.6,1000.6,2.44,5.3
2024-08-17 13:00:00+02:00,25.3,25.3,27.3,17.4,62.0,27.6,85.0,705.4,6.0,0.0,0.7,0.0,0.0,5.5,24.1,344.4,2.8,7.2,231.0,1000.6,1000.6,2.44,5.3
2024-08-17 13:05:00+02:00,24.8,24.8,25.9,16.8,61.0,27.7,85.0,691.6,6.0,0.0,0.7,0.0,0.0,5.5,24.1,344.4,6.0,9.4,195.0,1000.5,1000.5,2.44,5.3
2024-08-17 13:10:00+02:00,24.5,24.5,25.8,17.1,64.0,27.9,85.0,269.7,2.0,0.0,0.7,0.0,0.0,5.5,24.1,344.4,5.6,10.4,223.0,1000.5,1000.5,2.44,5.3
2024-08-17 13:15:00+02:00,24.2,24.2,25.5,17.0,64.0,28.1,85.0,651.8,6.0,0.0,0.7,0.0,0.0,5.5,24.1,344.4,5.3,18.4,199.0,1000.5,1000.5,2.44,5.3
2024-08-17 13:20:00+02:00,24.5,24.5,25.6,17.0,63.0,28.2,84.0,632.7,5.0,0.0,0.7,0.0,0.0,5.5,24.1,344.4,6.2,18.4,182.0,1000.3,1000.3,2.44,5.3
2024-08-17 13:25:00+02:00,24.2,24.2,25.5,16.7,63.0,28.4,84.0,653.0,6.0,0.0,0.7,0.0,0.0,5.5,24.1,344.4,5.1,17.6,188.0,1000.3,1000.3,2.44,5.3
2024-08-17 13:30:00+02:00,24.3,24.3,25.4,16.5,62.0,28.6,84.0,203.2,1.0,0.0,0.7,0.0,0.0,5.5,24.1,344.4,5.7,14.0,210.0,1000.3,1000.3,2.44,5.3
2024-08-17 13:35:00+02:00,24.5,24.5,26.2,16.9,63.0,28.7,84.0,669.6,6.0,0.0,0.7,0.0,0.0,5.5,24.1,344.4,3.3,15.5,213.0,1000.2,1000.2,2.44,5.3
2024-08-17 13:40:00+02:00,25.0,25.0,26.6,17.0,61.0,28.9,84.0,643.8,5.0,0.0,0.7,0.0,0.0,5.5,24.1,344.4,4.3,14.4,166.0,1000.2,1000.2,2.44,5.3
2024-08-17 13:45:00+02:00,25.5,25.5,27.5,17.0,59.0,29.1,83.0,645.1,5.0,0.0,0.7,0.0,0.0,5.5,24.1,344.4,2.2,6.5,39.0,1000.1,1000.1,2.44,5.3
2024-08-17 13:50:00+02:00,25.2,25.2,26.4,17.1,61.0,29.3,83.0,258.6,2.0,0.0,0.7,0.0,0.0,5.5,24.1,344.4,6.2,9.7,199.0,1000.2,1000.2,2.44,5.3
2024-08-17 13:55:00+02:00,24.4,24.4,25.5,17.1,64.0,29.5,83.0,659.2,6.0,0.0,0.7,0.0,0.0,5.5,24.1,344.4,6.9,14.4,196.0,1000.2,1000.2,2.44,5.3
2024-08-17 14:00:00+02:00,24.8,24.8,25.8,17.1,63.0,29.7,83.0,223.8,2.0,0.0,0.7,0.0,0.0,5.5,24.1,344.4,6.8,10.8,190.0,1000.3,1000.3,2.44,5.3
2024-08-17 14:05:00+02:00,24.4,24.4,26.0,17.0,63.0,29.8,83.0,162.3,1.0,0.0,0.7,0.0,0.0,5.5,24.1,344.4,3.9,10.1,216.0,1000.3,1000.3,2.44,5.3
2024-08-17 14:10:00+02:00,24.3,24.3,25.6,16.6,62.0,29.9,82.0,643.5,5.0,0.0,0.7,0.0,0.0,5.5,24.1,344.4,4.5,14.8,201.0,1000.3,1000.3,2.44,5.3
2024-08-17 14:15:00+02:00,24.6,24.6,26.2,16.9,62.0,30.1,82.0,224.9,2.0,0.0,0.7,0.0,0.0,5.5,24.1,344.4,4.0,7.6,176.0,1000.2,1000.2,2.44,5.3
2024-08-17 14:20:00+02:00,24.3,24.3,25.5,16.8,63.0,30.2,82.0,605.8,5.0,0.0,0.7,0.0,0.0,5.5,24.1,344.4,6.0,10.4,211.0,1000.3,1000.3,2.44,5.3
2024-08-17 14:25:00+02:00,24.4,24.4,25.5,16.8,63.0,30.3,82.0,584.4,5.0,0.0,0.7,0.0,0.0,5.5,24.1,344.4,6.2,15.1,191.0,1000.3,1000.3,2.44,5.3
2024-08-17 14:30:00+02:00,24.8,24.8,26.3,16.6,60.0,30.4,81.0,591.6,5.0,0.0,0.7,0.0,0.0,5.5,24.1,344.4,4.1,16.6,172.0,1000.3,1000.3,2.44,5.3
2024-08-17 14:35:00+02:00,25.1,25.1,26.6,16.7,60.0,30.6,81.0,184.8,1.0,0.0,0.7,0.0,0.0,5.5,24.1,344.4,4.0,8.6,212.0,1000.2,1000.2,2.44,5.3
2024-08-17 14:40:00+02:00,24.7,24.7,26.1,16.6,60.0,30.7,81.0,162.4,1.0,0.0,0.7,0.0,0.0,5.5,24.1,344.4,4.3,8.3,196.0,1000.1,1000.1,2.44,5.3
2024-08-17 14:45:00+02:00,24.7,24.7,25.8,16.2,59.0,30.8,81.0,581.0,5.0,0.0,0.7,0.0,0.0,5.5,24.1,344.4,4.9,10.1,176.0,1000.2,1000.2,2.44,5.3
2024-08-17 14:50:00+02:00,25.3,25.3,26.4,16.3,58.0,30.9,80.0,570.1,5.0,0.0,0.7,0.0,0.0,5.5,24.1,344.4,5.5,10.1,213.0,1000.1,1000.1,2.44,5.3
2024-08-17 14:55:00+02:00,25.8,25.8,26.8,16.2,55.0,31.1,80.0,187.8,1.0,0.0,0.7,0.0,0.0,5.5,24.1,344.4,5.3,14.8,204.0,1000.2,1000.2,2.44,5.3
2024-08-17 15:00:00+02:00,25.6,25.6,26.8,16.3,57.0,31.2,80.0,542.4,5.0,0.0,0.7,0.0,0.0,5.5,24.1,344.4,4.8,9.0,195.0,1000.2,1000.2,2.44,5.3
2024-08-17 15:05:00+02:00,25.0,25.0,25.3,15.9,57.0,31.3,80.0,240.8,2.0,0.0,0.7,0.0,0.0,5.5,24.1,344.4,8.2,14.4,202.0,1000.1,1000.1,2.44,5.3
2024-08-17 15:10:00+02:00,24.3,24.3,25.3,15.7,59.0,31.4,80.0,394.6,3.0,0.0,0.7,0.0,0.0,5.5,24.1,344.4,4.5,10.1,214.0,1000.0,1000.0,2.44,5.3
2024-08-17 15:15:00+02:00,24.8,24.8,26.0,16.2,59.0,31.5,79.0,532.6,4.0,0.0,0.7,0.0,0.0,5.5,24.1,344.4,4.2,11.9,192.0,1000.0,1000.0,2.44,5.3
2024-08-17 15:20:00+02:00,24.7,24.7,25.4,16.6,61.0,31.6,79.0,527.0,4.0,0.0,0.7,0.0,0.0,5.5,24.1,344.4,7.6,14.4,180.0,1000.0,1000.0,2.44,5.3
2024-08-17 15:25:00+02:00,24.1,24.1,25.2,16.4,62.0,31.6,79.0,175.7,1.0,0.0,0.7,0.0,0.0,5.5,24.1,344.4,5.4,14.0,184.0,1000.1,1000.1,2.44,5.3
2024-08-17 15:30:00+02:00,24.1,24.1,25.4,16.2,61.0,31.7,79.0,147.3,1.0,0.0,0.7,0.0,0.0,5.5,24.1,344.4,3.9,8.3,224.0,1000.1,1000.1,2.44,5.3
2024-08-17 15:35:00+02:00,23.9,23.9,25.0,15.9,61.0,31.7,79.0,466.1,4.0,0.0,0.7,0.0,0.0,5.5,24.1,344.4,4.8,7.6,190.0,1000.0,1000.0,2.44,5.3
2024-08-17 15:40:00+02:00,24.1,24.1,25.4,16.3,62.0,31.8,79.0,196.2,1.0,0.0,0.7,0.0,0.0,5.5,24.1,344.4,4.4,9.0,193.0,1000.0,1000.0,2.44,5.3
2024-08-17 15:45:00+02:00,24.1,24.1,25.4,16.2,61.0,31.8,79.0,168.3,1.0,0.0,0.7,0.0,0.0,5.5,24.1,344.4,3.9,10.8,194.0,999.9,999.9,2.44,5.3
2024-08-17 15:50:00+02:00,24.2,24.2,25.4,16.3,61.0,31.8,79.0,476.6,4.0,0.0,0.7,0.0,0.0,5.5,24.1,344.4,5.0,10.1,212.0,1000.1,1000.1,2.44,5.3
2024-08-17 15:55:00+02:00,24.5,24.5,25.3,16.1,59.0,31.9,79.0,485.8,4.0,0.0,0.7,0.0,0.0,5.5,24.1,344.4,6.6,13.0,184.0,1000.0,1000.0,2.44,5.3
2024-08-17 16:00:00+02:00,24.7,24.7,25.6,16.4,60.0,32.0,79.0,250.6,2.0,0.0,0.7,0.0,0.0,5.5,24.1,344.4,6.0,11.5,202.0,999.9,999.9,2.44,5.3
2024-08-17 16:05:00+02:00,24.8,24.8,25.3,16.3,59.0,32.0,79.0,340.2,3.0,0.0,0.7,0.0,0.0,5.5,24.1,344.4,8.0,11.2,207.0,999.9,999.9,2.44,5.3
2024-08-17 16:10:00+02:00,24.7,24.7,26.0,16.4,60.0,32.0,79.0,400.2,3.0,0.0,0.7,0.0,0.0,5.5,24.1,344.4,4.1,11.2,196.0,1000.0,1000.0,2.44,5.3
2024-08-17 16:15:00+02:00,24.6,24.6,25.3,17.0,63.0,32.0,79.0,389.2,3.0,0.0,0.7,0.0,0.0,5.5,24.1,344.4,8.4,13.0,187.0,999.8,999.8,2.44,5.3
2024-08-17 16:20:00+02:00,24.4,24.4,25.9,16.8,63.0,32.1,79.0,391.9,3.0,0.0,0.7,0.0,0.0,5.5,24.1,344.4,4.4,15.5,196.0,999.8,999.8,2.44,5.3
2024-08-17 16:25:00+02:00,24.7,24.7,26.0,16.8,62.0,32.1,79.0,397.5,3.0,0.0,0.7,0.0,0.0,5.5,24.1,344.4,5.1,11.9,186.0,999.7,999.7,2.44,5.3
2024-08-17 16:30:00+02:00,24.7,24.7,25.9,16.9,62.0,32.1,79.0,385.4,3.0,0.0,0.7,0.0,0.0,5.5,24.1,344.4,5.7,11.2,208.0,999.7,999.7,2.44,5.3
2024-08-17 16:35:00+02:00,25.1,25.1,26.6,16.9,60.0,32.1,79.0,377.0,3.0,0.0,0.7,0.0,0.0,5.5,24.1,344.4,4.2,10.4,184.0,999.4,999.4,2.44,5.3
2024-08-17 16:40:00+02:00,25.6,25.6,27.3,16.8,58.0,32.2,79.0,361.0,3.0,0.0,0.7,0.0,0.0,5.5,24.1,344.4,3.2,13.7,194.0,999.5,999.5,2.44,5.3
2024-08-17 16:45:00+02:00,25.2,25.2,26.6,17.3,62.0,32.2,79.0,222.8,2.0,0.0,0.7,0.0,0.0,5.5,24.1,344.4,5.6,14.4,212.0,999.6,999.6,2.44,5.3
2024-08-17 16:50:00+02:00,24.5,24.5,26.1,17.2,63.0,32.2,79.0,91.3,0.0,0.0,0.7,0.0,0.0,5.5,24.1,344.4,4.7,10.4,189.0,999.6,999.6,2.44,5.3
2024-08-17 16:55:00+02:00,23.9,23.9,25.5,16.8,65.0,32.2,79.0,87.8,0.0,0.0,0.7,0.0,0.0,5.5,24.1,344.4,3.3,8.6,240.0,999.5,999.5,2.44,5.3
2024-08-17 17:00:00+02:00,23.8,23.8,25.2,17.0,66.0,32.2,79.0,108.1,1.0,0.0,0.7,0.0,0.0,5.5,24.1,344.4,5.0,8.6,193.0,999.5,999.5,2.44,5.3
2024-08-17 17:05:00+02:00,23.5,23.5,25.1,16.9,67.0,32.2,78.0,136.1,1.0,0.0,0.7,0.0,0.0,5.5,24.1,344.4,4.0,9.4,212.0,999.5,999.5,2.44,5.3
2024-08-17 17:10:00+02:00,23.6,23.6,24.8,16.8,65.0,32.2,78.0,286.0,2.0,0.0,0.7,0.0,0.0,5.5,24.1,344.4,5.6,10.4,199.0,999.4,999.4,2.44,5.3
2024-08-17 17:15:00+02:00,23.7,23.7,24.8,16.9,66.0,32.2,78.0,296.7,2.0,0.0,0.7,0.0,0.0,5.5,24.1,344.4,6.2,13.0,181.0,999.4,999.4,2.44,5.3
2024-08-17 17:20:00+02:00,23.6,23.6,25.4,16.8,66.0,32.2,78.0,105.9,0.0,0.0,0.7,0.0,0.0,5.5,24.1,344.4,2.8,8.6,212.0,999.5,999.5,2.44,5.3
2024-08-17 17:25:00+02:00,23.5,23.5,24.9,16.8,66.0,32.2,78.0,210.9,1.0,0.0,0.7,0.0,0.0,5.5,24.1,344.4,4.7,10.1,186.0,999.5,999.5,2.44,5.3
2024-08-17 17:30:00+02:00,23.4,23.4,25.0,16.7,66.0,32.2,78.0,238.3,2.0,0.0,0.7,0.0,0.0,5.5,24.1,344.4,3.2,10.1,209.0,999.4,999.4,2.44,5.3
2024-08-17 17:35:00+02:00,23.6,23.6,25.4,16.6,65.0,32.1,78.0,129.8,1.0,0.0,0.7,0.0,0.0,5.5,24.1,344.4,2.2,9.0,178.0,999.3,999.3,2.44,5.3
2024-08-17 17:40:00+02:00,23.5,23.5,24.7,16.6,65.0,32.1,78.0,123.6,1.0,0.0,0.7,0.0,0.0,5.5,24.1,344.4,5.4,9.7,189.0,999.4,999.4,2.44,5.3
2024-08-17 17:45:00+02:00,23.3,23.3,24.7,16.6,66.0,32.1,78.0,123.8,1.0,0.0,0.7,0.0,0.0,5.5,24.1,344.4,4.1,7.2,192.0,999.4,999.4,2.44,5.3
2024-08-17 17:50:00+02:00,23.3,23.3,24.4,16.4,66.0,32.0,78.0,118.9,1.0,0.0,0.7,0.0,0.0,5.5,24.1,344.4,5.3,8.3,180.0,999.4,999.4,2.44,5.3
2024-08-17 17:55:00+02:00,23.3,23.3,24.7,16.5,66.0,32.0,78.0,99.0,0.0,0.0,0.7,0.0,0.0,5.5,24.1,344.4,4.0,8.6,200.0,999.1,999.1,2.44,5.3
2024-08-17 18:00:00+02:00,23.3,23.3,24.7,16.7,67.0,32.0,78.0,109.5,1.0,0.0,0.7,0.0,0.0,5.5,24.1,344.4,4.0,7.2,194.0,999.2,999.2,2.44,5.3
2024-08-17 18:05:00+02:00,23.3,23.3,24.6,16.5,66.0,31.9,78.0,108.7,1.0,0.0,0.7,0.0,0.0,5.5,24.1,344.4,4.3,9.7,219.0,999.3,999.3,2.44,5.3
2024-08-17 18:20:00+02:00,23.0,23.0,24.4,16.8,68.0,31.8,78.0,124.6,1.0,0.0,0.7,0.0,0.0,5.5,24.1,344.4,4.8,8.3,191.0,999.2,999.2,2.44,5.3
2024-08-17 18:25:00+02:00,23.1,23.1,24.7,16.9,68.0,31.8,78.0,118.4,1.0,0.0,0.7,0.0,0.0,5.5,24.1,344.4,3.5,6.8,171.0,999.2,999.2,2.44,5.3
2024-08-17 18:30:00+02:00,23.1,23.1,24.7,16.8,68.0,31.7,78.0,136.8,1.0,0.0,0.7,0.0,0.0,5.5,24.1,344.4,3.6,9.4,182.0,999.2,999.2,2.44,5.3
2024-08-17 18:35:00+02:00,23.1,23.1,24.2,16.8,68.0,31.7,78.0,131.2,1.0,0.0,0.7,0.0,0.0,5.5,24.1,344.4,6.0,10.1,203.0,999.2,999.2,2.44,5.3
2024-08-17 18:40:00+02:00,23.0,23.0,24.0,16.8,68.0,31.6,78.0,121.8,1.0,0.0,0.7,0.0,0.0,5.5,24.1,344.4,6.5,9.0,185.0,999.1,999.1,2.44,5.3
2024-08-17 18:45:00+02:00,22.9,22.9,24.2,16.7,68.0,31.5,78.0,109.5,1.0,0.0,0.7,0.0,0.0,5.5,24.1,344.4,5.1,10.4,200.0,999.2,999.2,2.44,5.3
2024-08-17 18:50:00+02:00,22.7,22.7,23.9,16.6,69.0,31.5,79.0,97.6,0.0,0.0,0.7,0.0,0.0,5.5,24.1,344.4,5.5,10.1,188.0,999.1,999.1,2.44,5.3
2024-08-17 18:55:00+02:00,22.7,22.7,24.3,16.6,69.0,31.4,79.0,93.4,0.0,0.0,0.7,0.0,0.0,5.5,24.1,344.4,3.2,7.6,197.0,999.1,999.1,2.44,5.3
2024-08-17 19:00:00+02:00,22.8,22.8,24.0,16.5,68.0,31.4,79.0,92.7,0.0,0.0,0.7,0.0,0.0,5.5,24.1,344.4,4.8,10.4,270.0,999.0,999.0,2.44,5.3
2024-08-17 19:05:00+02:00,23.0,23.0,24.6,16.5,67.0,31.3,79.0,85.0,0.0,0.0,0.7,0.0,0.0,5.5,24.1,344.4,2.8,10.8,296.0,998.9,998.9,2.44,5.3
2024-08-17 19:10:00+02:00,22.8,22.8,23.9,16.4,67.0,31.3,79.0,76.0,0.0,0.0,0.7,0.0,0.0,5.5,24.1,344.4,5.4,9.7,171.0,998.9,998.9,2.44,5.3
2024-08-17 19:15:00+02:00,22.7,22.7,24.2,16.4,68.0,31.2,79.0,73.2,0.0,0.0,0.7,0.0,0.0,5.5,24.1,344.4,3.5,11.5,187.0,998.9,998.9,2.44,5.3
2024-08-17 19:20:00+02:00,22.7,22.7,24.3,16.3,67.0,31.2,79.0,68.7,0.0,0.0,0.7,0.0,0.0,5.5,24.1,344.4,3.0,7.9,212.0,999.0,999.0,2.44,5.3
2024-08-17 19:25:00+02:00,22.5,22.5,23.7,16.3,68.0,31.1,79.0,64.8,0.0,0.0,0.7,0.0,0.0,5.5,24.1,344.4,4.2,6.1,270.0,999.0,999.0,2.44,5.3
2024-08-17 19:30:00+02:00,22.3,22.3,23.7,16.2,68.0,31.0,79.0,53.1,0.0,0.0,0.7,0.0,0.0,5.5,24.1,344.4,3.8,11.5,261.0,999.0,999.0,2.44,5.3
2024-08-17 19:35:00+02:00,22.3,22.3,23.7,16.3,69.0,31.0,79.0,51.1,0.0,0.0,0.7,0.0,0.0,5.5,24.1,344.4,3.2,11.5,232.0,998.9,998.9,2.46,5.3
2024-08-17 19:40:00+02:00,22.4,22.4,24.2,16.4,69.0,30.9,79.0,44.4,0.0,0.0,0.7,0.0,0.0,5.5,24.1,344.4,1.7,9.7,295.0,998.9,998.9,2.46,5.3
2024-08-17 19:45:00+02:00,22.3,22.3,24.0,16.3,69.0,30.8,79.0,36.3,0.0,0.0,0.7,0.0,0.0,5.5,24.1,344.4,1.8,5.8,220.0,998.9,998.9,2.46,5.3
2024-08-17 19:50:00+02:00,22.1,22.1,23.8,16.3,70.0,30.8,79.0,31.4,0.0,0.0,0.7,0.0,0.0,5.5,24.1,344.4,1.7,6.8,210.0,998.9,998.9,2.46,5.3
2024-08-17 19:55:00+02:00,22.0,22.0,23.9,16.3,70.0,30.7,79.0,26.7,0.0,0.0,0.7,0.0,0.0,5.5,24.1,344.4,0.9,4.3,266.0,998.9,998.9,2.46,5.3
2024-08-17 20:00:00+02:00,21.9,21.9,23.9,16.4,71.0,30.7,79.0,21.4,0.0,0.0,0.7,0.0,0.0,5.5,24.1,344.4,0.9,4.7,52.0,998.8,998.8,2.46,5.3
2024-08-17 20:05:00+02:00,21.7,21.7,23.5,16.5,72.0,30.6,79.0,17.7,0.0,0.0,0.7,0.0,0.0,5.5,24.1,344.4,1.7,7.9,291.0,998.9,998.9,2.46,5.3
2024-08-17 20:10:00+02:00,21.6,21.6,23.7,16.6,73.0,30.5,79.0,13.7,0.0,0.0,0.7,0.0,0.0,5.5,24.1,344.4,0.5,4.0,209.0,999.0,999.0,2.46,5.3
2024-08-17 20:15:00+02:00,21.5,21.5,23.3,16.6,74.0,30.4,79.0,11.3,0.0,0.0,0.7,0.0,0.0,5.5,24.1,344.4,1.9,4.7,257.0,998.8,998.8,2.46,5.3
2024-08-17 20:20:00+02:00,21.3,21.3,23.0,16.6,75.0,30.3,79.0,8.9,0.0,0.0,0.7,0.0,0.0,5.5,24.1,344.4,2.7,6.5,200.0,998.8,998.8,2.46,5.3
2024-08-17 20:25:00+02:00,21.2,21.2,23.1,16.7,75.0,30.3,79.0,7.0,0.0,0.0,0.7,0.0,0.0,5.5,24.1,344.4,1.4,7.9,304.0,998.8,998.8,2.46,5.2
2024-08-17 20:30:00+02:00,21.1,21.1,23.1,16.7,76.0,30.2,79.0,5.0,0.0,0.0,0.7,0.0,0.0,5.5,24.1,344.4,0.8,7.6,236.0,998.8,998.8,2.46,5.2
2024-08-17 20:35:00+02:00,21.0,21.0,23.0,16.7,77.0,30.2,79.0,3.6,0.0,0.0,0.7,0.0,0.0,5.5,24.1,344.4,1.3,4.3,177.0,998.8,998.8,2.46,5.2
2024-08-17 20:40:00+02:00,20.8,20.8,22.9,16.7,77.0,30.1,79.0,2.5,0.0,0.0,0.7,0.0,0.0,5.5,24.1,344.4,0.9,6.5,261.0,998.9,998.9,2.46,5.2
2024-08-17 20:45:00+02:00,20.7,20.7,22.9,16.6,77.0,30.0,79.0,1.7,0.0,0.0,0.7,0.0,0.0,5.5,24.1,344.4,0.4,4.0,160.0,998.9,998.9,2.46,5.2
2024-08-17 20:50:00+02:00,20.7,20.7,22.6,16.7,77.0,29.9,79.0,0.9,0.0,0.0,0.7,0.0,0.0,5.5,24.1,344.4,1.9,5.8,216.0,998.8,998.8,2.46,5.2
2024-08-17 20:55:00+02:00,20.6,20.6,22.4,16.6,78.0,29.8,79.0,0.6,0.0,0.0,0.7,0.0,0.0,5.5,24.1,344.4,2.2,7.2,280.0,998.9,998.9,2.46,5.2
2024-08-17 21:00:00+02:00,20.6,20.6,22.4,16.6,78.0,29.7,79.0,0.3,0.0,0.0,0.7,0.0,0.0,5.5,24.1,344.4,2.0,6.1,332.0,999.0,999.0,2.46,5.2
2024-08-17 21:05:00+02:00,20.4,20.4,22.1,16.5,78.0,29.7,79.0,0.2,0.0,0.0,0.7,0.0,0.0,5.5,24.1,344.4,2.7,5.8,175.0,999.0,999.0,2.46,5.2
2024-08-17 21:10:00+02:00,20.3,20.3,22.1,16.5,79.0,29.6,79.0,0.1,0.0,0.0,0.7,0.0,0.0,5.5,24.1,344.4,2.1,5.8,192.0,999.0,999.0,2.46,5.2
2024-08-17 21:15:00+02:00,20.3,20.3,22.1,16.5,79.0,29.5,79.0,0.1,0.0,0.0,0.7,0.0,0.0,5.5,24.1,344.4,1.7,5.4,258.0,999.1,999.1,2.46,5.2
2024-08-17 21:20:00+02:00,20.2,20.2,21.9,16.4,79.0,29.4,79.0,0.0,0.0,0.0,0.7,0.0,0.0,5.5,24.1,344.4,2.2,7.2,195.0,999.0,999.0,2.46,5.2
2024-08-17 21:25:00+02:00,20.2,20.2,22.0,16.4,79.0,29.3,79.0,0.0,0.0,0.0,0.7,0.0,0.0,5.5,24.1,344.4,1.2,4.0,328.0,998.9,998.9,2.46,5.2
2024-08-17 21:30:00+02:00,20.1,20.1,22.0,16.3,79.0,29.3,79.0,0.0,0.0,0.0,0.7,0.0,0.0,5.5,24.1,344.4,1.4,4.7,204.0,999.0,999.0,2.46,5.2
2024-08-17 21:35:00+02:00,20.1,20.1,21.8,16.5,80.0,29.2,79.0,0.0,0.0,0.0,0.7,0.0,0.0,5.5,24.1,344.4,2.0,5.4,232.0,999.0,999.0,2.46,5.2
2024-08-17 21:40:00+02:00,20.0,20.0,21.9,16.4,80.0,29.1,79.0,0.0,0.0,0.0,0.7,0.0,0.0,5.5,24.1,344.4,1.4,6.8,185.0,999.1,999.1,2.46,5.2
2024-08-17 21:45:00+02:00,20.0,20.0,21.6,16.4,80.0,29.0,79.0,0.0,0.0,0.0,0.7,0.0,0.0,5.5,24.1,344.4,2.7,5.8,286.0,998.9,998.9,2.46,5.2
2024-08-17 21:50:00+02:00,20.1,20.1,21.7,16.5,80.0,28.9,79.0,0.0,0.0,0.0,0.7,0.0,0.0,5.5,24.1,344.4,3.0,7.2,291.0,999.0,999.0,2.46,5.2
2024-08-17 21:55:00+02:00,20.1,20.1,22.0,16.6,80.0,28.9,79.0,0.0,0.0,0.0,0.7,0.0,0.0,5.5,24.1,344.4,1.5,7.2,282.0,998.9,998.9,2.46,5.2
2024-08-17 22:00:00+02:00,20.1,20.1,21.8,16.5,80.0,28.8,79.0,0.0,0.0,0.0,0.7,0.0,0.0,5.5,24.1,344.4,2.1,7.6,300.0,999.0,999.0,2.46,5.2
2024-08-17 22:05:00+02:00,20.0,20.0,21.5,16.4,80.0,28.7,79.0,0.0,0.0,0.0,0.7,0.0,0.0,5.5,24.1,344.4,3.1,7.9,242.0,999.0,999.0,2.46,5.2
2024-08-17 22:10:00+02:00,20.0,20.0,21.4,16.4,80.0,28.6,79.0,0.0,0.0,0.0,0.7,0.0,0.0,5.5,24.1,344.4,3.6,6.5,246.0,998.9,998.9,2.46,5.2
2024-08-17 22:15:00+02:00,20.0,20.0,21.5,16.4,80.0,28.5,79.0,0.0,0.0,0.0,0.7,0.0,0.0,5.5,24.1,344.4,3.3,8.3,280.0,999.1,999.1,2.46,5.1
2024-08-17 22:20:00+02:00,19.9,19.9,21.4,16.5,81.0,28.5,79.0,0.0,0.0,0.0,0.7,0.0,0.0,5.5,24.1,344.4,3.5,5.4,275.0,999.0,999.0,2.46,5.1
2024-08-17 22:25:00+02:00,19.9,19.9,21.5,16.6,81.0,28.4,79.0,0.0,0.0,0.0,0.7,0.0,0.0,5.5,24.1,344.4,3.0,9.0,318.0,999.0,999.0,2.46,5.1
2024-08-17 22:30:00+02:00,19.9,19.9,21.6,16.6,81.0,28.3,79.0,0.0,0.0,0.0,0.7,0.0,0.0,5.5,24.1,344.4,2.6,5.8,267.0,999.0,999.0,2.46,5.1
2024-08-17 22:35:00+02:00,19.9,19.9,21.7,16.7,82.0,28.2,79.0,0.0,0.0,0.0,0.7,0.0,0.0,5.5,24.1,344.4,2.0,5.8,299.0,998.9,998.9,2.46,5.1
2024-08-17 22:40:00+02:00,19.8,19.8,21.5,16.5,81.0,28.1,79.0,0.0,0.0,0.0,0.7,0.0,0.0,5.5,24.1,344.4,2.9,10.8,292.0,999.0,999.0,2.46,5.1
2024-08-17 22:45:00+02:00,19.8,19.8,21.4,16.6,82.0,28.1,79.0,0.0,0.0,0.0,0.7,0.0,0.0,5.5,24.1,344.4,3.7,7.2,295.0,998.8,998.8,2.46,5.1
2024-08-17 22:50:00+02:00,19.9,19.9,21.6,16.6,82.0,28.0,79.0,0.0,0.0,0.0,0.7,0.0,0.0,5.5,24.1,344.4,2.7,9.7,299.0,998.8,998.8,2.46,5.1
2024-08-17 22:55:00+02:00,19.8,19.8,21.4,16.6,82.0,27.9,79.0,0.0,0.0,0.0,0.7,0.0,0.0,5.5,24.1,344.4,3.3,5.8,288.0,998.8,998.8,2.46,5.1
2024-08-17 23:00:00+02:00,19.8,19.8,21.4,16.6,82.0,27.8,79.0,0.0,0.0,0.0,0.7,0.0,0.0,5.5,24.1,344.4,3.4,10.1,313.0,998.9,998.9,2.46,5.1
2024-08-17 23:05:00+02:00,19.8,19.8,21.7,16.7,82.0,27.8,79.0,0.0,0.0,0.0,0.7,0.0,0.0,5.5,24.1,344.4,1.7,10.1,320.0,998.9,998.9,2.46,5.1
2024-08-17 23:10:00+02:00,19.8,19.8,21.2,16.6,82.0,27.7,79.0,0.0,0.0,0.0,0.7,0.0,0.0,5.5,24.1,344.4,3.9,6.8,327.0,998.8,998.8,2.46,5.1
2024-08-17 23:15:00+02:00,19.7,19.7,21.5,16.6,82.0,27.6,79.0,0.0,0.0,0.0,0.7,0.0,0.0,5.5,24.1,344.4,2.1,6.8,301.0,998.8,998.8,2.46,5.1
2024-08-17 23:20:00+02:00,19.7,19.7,21.4,16.8,83.0,27.6,79.0,0.0,0.0,0.0,0.7,0.0,0.0,5.5,24.1,344.4,3.0,7.6,306.0,998.8,998.8,2.46,5.1
2024-08-17 23:25:00+02:00,19.6,19.6,21.6,16.8,83.0,27.5,79.0,0.0,0.0,0.0,0.7,0.0,0.0,5.5,24.1,344.4,1.2,7.6,274.0,998.7,998.7,2.46,5.1
2024-08-17 23:30:00+02:00,19.6,19.6,21.3,16.8,84.0,27.4,79.0,0.0,0.0,0.0,0.7,0.0,0.0,5.5,24.1,344.4,3.2,7.2,286.0,998.8,998.8,2.46,5.1
2024-08-17 23:35:00+02:00,19.6,19.6,21.5,16.8,84.0,27.3,79.0,0.0,0.0,0.0,0.7,0.0,0.0,5.5,24.1,344.4,2.2,6.5,263.0,998.7,998.7,2.46,5.1
2024-08-17 23:40:00+02:00,19.5,19.5,21.3,16.7,84.0,27.3,80.0,0.0,0.0,0.0,0.7,0.0,0.0,5.5,24.1,344.4,2.6,6.1,258.0,998.6,998.6,2.46,5.1
2024-08-17 23:45:00+02:00,19.5,19.5,21.0,16.7,84.0,27.2,80.0,0.0,0.0,0.0,0.7,0.0,0.0,5.5,24.1,344.4,3.7,8.3,276.0,998.7,998.7,2.46,5.1
2024-08-17 23:50:00+02:00,19.4,19.4,21.2,16.8,85.0,27.2,80.0,0.0,0.0,0.0,0.7,0.0,0.0,5.5,24.1,344.4,2.7,7.6,253.0,998.6,998.6,2.46,5.1
2024-08-17 23:55:00+02:00,19.4,19.4,21.1,16.8,85.0,27.1,80.0,0.0,0.0,0.0,0.7,0.0,0.0,5.5,24.1,344.4,2.9,7.2,262.0,998.5,998.5,2.46,5.0
